4024365973,1276287641,3559934597,3732144115,4157929471,1979514366,555290136,4244623355,1903680591,4177189246,4106540407,2887041970,4240157693,3310971865,100056789,3755784123
946343428,88244935,1324883204,3019561727,3992791278,2515457767,1343361950,2430810125,3724408759,3153063927,274202697,3150655050,1601133487,2952753231,40915408,595608339
4260003635,1606325969,3664747260,2156010083,1189880351,2692757511,3484376989,403624966,155342037,3623294961,2298826008,3490185253,3307225236,3395477619,1994945487,2256736336
4025337587,923663574,1098943625,321915456,1038018266,100909225,471009206,160237222,1083185384,4100407238,1211525208,2416129673,1225213321,3094876068,38650880,2301921233
607128866,107888848,2158150725,475898240,1786123936,4227781049,621559825,1318625261,1300158458,3529706184,1122647377,101942035,765312575,1510048448,1092821271,562893840
4294818809,3221150031,3837535099,4255825909,4193770973,4208449471,1324978517,278210924,70733687,3355171800,638564360,650490643,1658276707,4206554491,361749183,893703300
35656609,3048989125,953195468,340058328,3245405320,3659531920,270323734,4191386289,227641236,46137417,2883016462,3952641093,1510453664,1005864613,363205026,201610247
3826406165,555307356,2138492221,2363293549,1598501525,1099897937,671484429,1526388479,1885218848,403308624,2129209851,2933316399,3085018971,2597050493,2351965323,2674323129
2915761932,3741187803,3433655375,1090168205,2216306221,4268684593,2683664923,1021809527,2637706591,1532142120,2224929379,4021183451,4265093189,3183122174,661036472,3181359609
473828192,3607084861,3958355927,99558697,286043784,3019759307,3784309629,3487546535,1684701067,2080316554,1473265656,4013928405,1517789143,3246256496,3886012155,2112582491
69339146,2145888126,184913968,3538614699,599750497,1346192556,235220985,134394497,1252000493,1074046272,1617389634,3468160574,1092649752,143215146,1553993664,3414159519
3352335646,1707073527,1235354260,1909964809,3157469825,1896917044,2981877725,1083647000,2316403260,3631418755,2750646385,826851688,441385865,3462764930,4248287220,2813328979
648088098,4020762047,3347309773,1227241600,4078473360,205586471,2936008541,861855463,487850281,4091657150,2293504060,3238276256,2291156152,3305284678,2520809753,2671246942
1107630802,4093572056,1175016048,411566213,608272487,307791425,3203920719,2969964808,2786448900,3977400838,643891201,2371926273,3263463753,474354226,3974319709,2283185218
3759317057,3128678876,3209393351,1493260417,2987663366,1751149060,2950411723,3305362919,1376406944,2426605906,2528404619,1731428792,2500607018,1894377178,974780596,3203710907
715234594,4211167037,1812856047,4226907802,2045823044,2372335615,1732760507,4252469230,256776441,1120026903,3988429209,3445587732,1896154128,1345402337,2950500970,2951464799
863747963,3103035516,1276544525,3669523243,1726991274,3368885054,4124668470,846324668,2847356851,3226468869,1207908485,2116957691,3437494066,4017613791,4114749428,3185237493
2267161104,2931425204,24945910,220594957,877317665,1278668221,1070133368,697125450,2865525338,82460880,2845538373,2776654056,3923705162,1041049,2132474779,3434600441
4004925116,1356464149,1108095746,4224670163,4261375719,678168805,1115961346,3199923640,3203440031,188973233,708971064,3718147901,1458298170,146043659,939519052,352990704
55783240,1553824698,1078040036,268708224,278399035,543854609,68766828,303513607,274893252,4289632735,2748771067,1492422468,891538446,793428250,3266981888,930482505
2499788359,3479567207,2702017153,149471488,1401641571,1897729082,587771010,3435155073,605521024,2518610119,638064512,3524493859,2455781578,3080851043,1653763037,2697213378
4282048215,12848438,980564059,1610227414,352332244,4020159527,3250063625,4084353018,4160190428,2967448346,3921600487,3665026983,3766490392,1268826208,684081193,3360780893
1166810120,137498322,2452210476,348933171,285530648,1100005640,3052855290,3138468996,1359642762,168055321,2434859200,3012755391,1398825025,3536820201,2369639869,19656276
899191130,2047903932,855710408,144884454,419484513,1308567548,160077851,2553675981,2467371616,672170880,200938712,3917482433,4212826307,1273748213,100787329,4093490045
2984139471,549200656,3637378015,1898674527,3274310139,721687874,1741045487,3755736991,67866634,1424455654,2899598567,1467906558,972940190,4227545334,2727791839,3892225125
3742596825,620365186,1801936935,1715863616,4082545880,3562651696,721424965,2144203734,2766248801,1094455303,3408312776,2819368456,2129076176,334749523,1078005803,2959604178
3851315807,3877090799,666113,934324874,281639179,2337212834,4212121058,210831992,344198146,36968068,51269794,3905975290,1216348705,1879803907,469468925,626980759
3179192127,2730035280,3740392815,630844991,34670811,929371424,2349424898,1700365069,3567391900,29393088,3456426056,1368178826,1988561045,942101866,820255332,654835978
419807761,420190241,1792069481,2421555202,1923743755,4255055710,2969905413,750508857,4222429166,3524342018,255836141,682815480,4227573023,4142096287,724769683,935290354
1948060682,4469317,1141902413,1586116914,2147500042,526400564,3892034679,354077222,991888066,63052352,3623745005,4015715760,4159098875,3921542943,4046561271,4067815256
3887310620,33575530,205930569,3298437763,3204171494,3504662505,2551681089,2418049603,547953570,1331641502,1635897509,134809480,1107591448,87720514,1298439692,1008930084
1860558527,3487414169,2550161680,3911648829,81791476,268833287,3909040700,1195477584,2825409157,4191521354,814311699,1075777680,1051401,1512219163,2146096751,1384722598
2752602181,3930043883,1592623087,553787441,587399680,73925568,1544623202,1542962208,2935839719,2384581859,1083015439,3225892889,1185356821,3224174885,680526419,4294966779
4209220218,1812070552,2260130787,2595092732,3140982382,3950898747,539099906,428791428,3825128062,3023059009,770867025,3136239994,3560190887,2801547055,744773761,595051487
2070884860,354934864,644907679,3793738967,1243611726,725346735,2548821743,2078008207,892227967,4076756834,1133318465,2549074493,704711744,4294954399,3933158245,436208065
3604656758,1952018939,3380090918,2386041892,1351255046,122317057,4225169111,880831621,1259112517,3714137164,606342179,1117290826,1380188227,1653351506,4124800409,1678246913
331786535,100696207,4008957694,2305428096,290627591,34631697,2617416192,3603873661,2215318085,2643100713,2421400645,1080443169,1375966617,587319877,92619523,149128352
2725253690,404873828,921249944,2644350859,1074536576,2841628495,542123622,272124961,1577164868,3236562977,6300975,2914772139,2269968135,3757270635,808478941,2442169249
2426472460,3297897706,3093798887,1856294694,2513532781,1979490305,1981288840,554872097,1246315630,1360004370,2004843768,401874783,2157191802,2424499055,2302034160,1356943937
2619711359,3535185870,3618250430,2941709821,2223022732,2137000004,1056549827,1224774753,2321057834,2836398599,917491647,573714,2525699874,1115560196,3724241908,4195371042
2956081184,1977663095,858873687,753891030,3572014238,1375869483,4277943148,1018212573,2142719216,39370063,2538629562,3991861115,2137504551,2109687533,3585782707,133124793
2580674813,3076638348,67818673,3681496574,2045623441,2793397946,2280550239,1261157244,4185377973,3732826446,2717360700,3233813608,698747675,3943948766,4189779447,2636119625
172785797,2227701656,627456935,510481099,839411757,337035431,571146717,613688356,2149909306,2362921002,4290458875,2602981717,2400780592,753403171,67150992,741400
3153524725,3861940485,1099186768,3105749226,4152098742,3990610623,2233059867,1126589010,632684445,526036175,416181250,1880203604,3030685893,1140816915,3887069303,1023139814
1319023549,541083827,4483164,3522783174,2116500347,1487884230,27691117,2341732416,1450934250,2042738611,398414607,2012103647,4217607383,1017505675,798466036,1700275337
3942104596,2910747732,3294693855,948022033,3268677008,3888119805,2005912270,4269798221,3268169583,878707202,1320257681,455435983,3695184896,697330722,2510247993,3760609680
275528384,1342243588,738222688,3738754714,37766161,566332075,16019621,3168642807,3924819838,953428786,21172746,2479136636,4222386382,2013250619,613871694,4291682247
3100961947,874319908,3449307391,1476291535,3451831633,3942513287,2183266884,1225110586,3570217155,2681207177,586566899,3619055614,3260120907,1545072189,43311680,3185345238
2437022992,3983798069,346817357,1767908962,2150631689,3452332292,1058197423,1719672834,2990982809,4028143765,831305859,1103287560,1626427713,3720386840,1469020076,332046
2987377150,2269432329,991216141,1981419647,2268209456,1080246496,3292566657,1817482171,3454947837,1826348667,1767558440,1605364069,1660474879,2848292695,1746416165,3554068477
1661098245,3060448909,4294309770,189013281,3726118933,2216101986,3220676581,4105565023,4283821093,3271422735,2300625102,558450727,554777368,2021786248,3198328811,2674972631
1999610847,3285722670,2566893239,3242332236,2400619024,643466761,961053418,2293408769,2869154154,243602242,1166442573,1032929523,2390766187,1076530272,43097221,2468534682
4032564804,3214931391,4222084021,284165140,1068904367,2410485647,2948046710,601931777,282120392,4153114331,4020231037,64029216,1107329470,2148356100,2699029482,2884189670
2072475581,4223442821,4026398703,3321812479,162409728,3219118959,3211115495,4072267782,3350832095,4011744700,2208834603,1729492663,1589542321,3925790356,4276600052,1760881468
3757898539,3304848054,4285372278,1567997040,4108939709,4255963997,2413160315,4031970151,1390786872,8733698,4294442842,3123295631,3082787162,4149524926,578667887,1299852439
585299264,3025073992,3213785890,4025939892,2585009200,3626363368,3793074507,2147682522,2249355301,1799075963,4250378239,3588680063,2986594448,537395755,1059974652,397551087
3858622377,4280886583,1534764395,3702972006,1866409455,4227071496,842253944,444666387,3086604025,4100710389,3523164093,1912536301,1307262822,2612028791,1840692982,2130276137
211845200,4026426622,2975075625,112867977,1713505370,1674409033,917687805,315721746,3764542484,1691369858,1916012705,2122299053,1745923350,3205938153,2163080767,3881091967
3329770256,3309833216,4093374783,151593324,66761,2436993103,2834259799,2085651545,1093882682,21038667,4010352824,419979329,1248092440,528943288,3384524716,558242683
995143824,4226284605,3071304728,1020002852,1075828916,2116101632,212111453,1882857730,1679738884,2254577716,2349139615,2295233623,813905480,696290377,1075091418,1123779186
2091313582,4193873840,2675529206,2915295064,3682490742,541333600,1955273860,1557679901,2770108274,18087940,2009770531,3470133383,2118877066,1110968617,3528584931,3205494703
172004976,3637583932,2248962610,153358352,3788635539,1542436024,270818322,3858421463,2118184299,3956235751,1093278505,1657552989,3980259707,573288254,1211406612,3177003705
1308597236,39522434,530539006,3086698225,233561336,4277980891,2484246688,250019046,3199172191,3399252524,1466170234,3673010077,2664947536,4156357286,161127558,2626532678
2905066969,3909328688,4088376317,3519366794,2801156368,576887937,2919208161,1786011678,2584022171,2110569070,2333807652,1840251195,3221392130,38564868,4236986847,1642890692
3699902886,337702946,3976176618,3377675480,2517778688,1952464998,1756403265,1005487410,352364587,619106444,2404279813,3356765129,3422818817,2423099590,2738147353,2155087878
4264527583,4010638799,825032805,1567030259,3385971882,5001266,2136721389,162681126,23898643,2296969082,2986525269,2149598016,701500754,628197540,1678105451,1339940853
2978808441,2426540244,2382200567,4159438144,1337451485,4294863947,1669752940,1740043002,1873968204,1080075805,1185300544,829057402,2000005347,2882453185,548196372,738230692
2306672712,3086414842,1610794030,952679545,210109840,140559696,2243921894,2839683206,2445334177,203446358,8963088,4034734808,2244314436,1006765129,4273988573,4294942436
2315415032,1630755888,3247767680,2158042388,2078177227,4218416632,406611008,4024360346,3070491955,3069691677,2001047479,1391328252,1282628982,3849293357,2298578321,3753237425
1731885293,1124413440,2140897064,794099405,3532925204,3179273695,4226538736,4247476462,3400105623,2813325261,3752699874,4255583216,3595564069,3196578764,301936606,2607403770
3969816285,3221024767,3705337727,1145325596,4210555725,1045428875,4276188149,1872514302,2013142966,4289115868,2745159678,2432828224,2146893661,151022297,2038430687,1603788767
1210374336,1071283157,3193634751,2862184784,822125603,2834307105,3887836863,898810802,3424782339,3738924999,3903024889,4294226910,2028469626,4101996286,1811683658,1767607933
2471993214,2874291760,3223656004,2505702237,3939496895,1085010713,625060342,2722152988,3659654658,3393713791,302827810,3162042366,1236404737,1062993807,983566177,2021421290
2743910912,909234137,1343005000,1708534924,42075274,4059724727,4210456574,4190553911,4162774783,3199692543,1165634088,76034798,988665714,4177488773,3539350520,2126211551
145039785,4252220302,3270306732,2185347233,977569482,41763889,3248381843,473300253,529176310,902686491,3336436477,3067013731,556682323,4254261204,4203435982,4266849044
2520411643,4256856510,1483562461,1780495273,3085954543,404506922,4241128091,247632904,3835822340,4148143397,989987136,1258310955,1132462641,3330400258,4294681466,4110548957
3740694263,3712008257,1388989406,1050574096,3920359887,2880796137,2285470805,4260097851,3445978534,2006807258,2688244490,104608,2628076553,991227913,830544022,4090277591
271623732,633304490,143697414,2681503262,1981027403,281760336,927881003,1754716229,1898591681,1488929480,1649664000,268708877,2358772289,145104960,3994372678,207753384
1727486679,3209637881,2423075981,2447734679,1592510966,3860017787,3485359550,2229201917,190295289,787476601,3573696180,1097011312,17886154,3228893841,4290666143,3210146033
2147627536,4022649775,4277123583,437524496,2076123992,2990932282,4231718655,1840610802,2955811328,4285297325,3207292883,3824727380,3043749683,4289445853,1318808831,3220392287
2276331140,3144922062,2879257961,836139222,1586761369,1089855166,1880269737,4289682427,997396398,3773869377,1149395390,3378698820,35439107,1385465262,1908047843,486260607
4227567579,201513028,1167026889,643825661,3330450557,3196050141,2270206488,3292792136,4076740591,4283431915,393539452,3168763636,4022615551,3149850853,2206403268,3644497782
109056029,3182015437,205535136,4143963509,1970326826,4158106493,280274,634330140,538248736,1091985970,3954309549,2147203709,1587502814,932850527,2837622187,3127853023
3116891599,3987601597,681561727,3201497543,363202836,4289687260,2626863055,4095303379,2395691893,1829838896,2896782400,1074896401,336241408,1087844441,3539828253,4062432841
3620562747,3552342995,4016569116,610461713,810591424,2648107775,2411831177,1480295023,2860220274,4179375899,3587080146,1019426911,353642241,177354040,1055775468,2733311969
1968922493,3174275765,1620868294,2711747318,2742778652,1122031450,2273016030,4020169883,1802613378,4235001309,4106473391,3330677294,3758039037,3153499737,3067792863,3747969131
1371283570,1629505540,1479764328,2137651519,211692678,875741526,2215422480,673105333,744770337,1544812126,3650775313,3925251655,2442239200,251358615,1746993558,3574492429
870743799,2282618889,3615177949,1035956219,4294177703,3254320999,1791054218,2945912588,3078356966,2935225789,4092591969,3810065846,2122252283,3665222504,2386888976,3946921981
3923601406,3829847759,2332007311,85393411,4060947103,3214918363,3136741174,1564269455,2283805966,3134782518,1812992072,3371630047,2385453732,3625939178,870828191,2055012267
333438958,15078692,2662823871,1237160357,487607795,2131410618,158775516,684530644,3891917913,475455712,3791712642,3114260909,2947522167,4017708973,2821374149,1808763688
1292191835,315457692,1472193403,2408478425,3073341946,2453362429,2820015661,2437091539,2207211030,17304065,4235693036,4158632854,2080171831,1868359581,2815801275,3472684973
2264136919,488600317,3956247781,788459515,2185313281,1463741886,2696862241,4122730479,361348347,1088422812,423669893,2425717256,2933378047,3478503261,3743272962,886706205
2286459482,3959024865,2809036721,288445484,2819501066,1612972038,4057624945,3690945591,1386955826,1610666792,1389593626,2470815839,1873481929,3764192869,1572184028,2300673299
21715758,757440133,239667245,2842043553,1744668661,3286129629,1077944457,2143180887,1470478308,1476126064,3152244558,689448811,4126013231,3992801175,336719109,1990784377
1091568033,386828738,3972983661,2152767652,35689998,29726733,3476211643,1394115648,691209310,388567330,168821288,103354573,2284727771,853180698,3199196137,1396875
968801343,2264856553,3281860433,1976564590,3413737407,4279816120,2146228335,3606746040,4036370175,3734871894,1661532622,1592219818,1908302075,2517515772,3737041515,1568603451
1568121311,2458068688,4285516786,3917046267,2357855742,1544758409,1410614488,2063282107,3386047816,4093569687,2681732543,2982949693,2146789625,3531858910,2471286801,2738083135
1680275973,2071919086,775786285,3891720407,2133589933,3852957693,2164396077,2062784333,290867206,3621347293,4135561934,1825306591,2345079459,850161594,1128533535,538996737
4251950651,3012287381,3852960541,3479002879,3984251615,4176441654,4033290748,3209295793,1072533919,1310782390,4085173367,23332462,2961275653,3422617797,1905214391,1017117167
2332124641,42631305,2079634639,4153412384,109601652,41735462,396444164,2097612832,4186830623,941678636,301694449,3276013193,3959400343,72458257,2215680352,3464501326
3007216253,3991467260,3952421866,316859190,1610067706,3983535743,3881605367,2616566133,3848978019,3076521973,3563322630,340804106,3527421181,41755940,724939703,3990288820
898949132,4294952839,508039218,369967880,3899138401,1686112617,2023348564,2700475582,3229529816,290440384,16913590,1234196580,1084368993,1603584,3813500111,2952787929
2217513479,892582337,1006056429,2263024352,673224962,1589641,3336035830,2951892990,4040013114,3656345571,2526674852,341753003,4145539965,1869581501,3520403774,2377517930
1088471308,1040629797,808321924,3900861549,2684108254,1110567426,1812136515,640930372,544221966,4202520251,704350482,1762337842,408309200,2460485409,2009514039,4099151969
1210331180,2817652699,1827045863,3990572279,2045566605,3975397020,4204672790,3846649745,2768230847,138699446,1448165183,2777070842,3750624954,918484840,2084483684,3095281645
757954559,3050172027,2519876540,3341330158,76239881,1689253181,2369214831,527562844,3177678754,738036983,1336577732,1742335780,4125580750,2943109561,1072386782,2331506638
291998302,385430310,3579238746,2970388546,2707998214,186158756,804912318,2574385680,2580824392,4160601834,2149397137,121670882,271139467,553681252,3719026687,1013296903
3841979895,1582122706,1593424040,2069792543,3212290657,4181573302,1609269183,966344054,3740815706,307249441,4104778655,1589015647,3991395239,1112845005,431905147,2599415535
2191256723,1610595711,1486889652,4045390534,2654590147,2406922217,1878749165,437864250,4011580648,4265336737,2532667253,2851055551,3306426769,2883491554,3187319857,1056760184
2096535357,2282437137,1866445555,3871268468,2994121358,1603272663,2722944584,1035447332,4114790387,3887069813,4286512879,3973246202,4283039067,3592344528,550088742,5841504
531209085,1091185686,1418887396,1609954255,4281269554,2776638312,1987837276,1342339142,2702269078,2229502042,3060662085,3857491509,2293485970,3938180985,4159284314,939556924
1411858908,100929947,967346709,1881168954,304294703,1363499973,21040596,1291920464,133805063,308085068,264941126,816108854,545045,504147146,2173755428,3576763421
4205574718,3705581022,1411589235,2298538438,2661341302,3728348714,4084718060,3319676298,4294434200,4184893604,206113281,276894872,1418863720,13435201,4287885244,3983995143
1576515447,3907059607,3119446027,1937168363,4288834799,3807717111,3652074692,2721901437,4269797110,3647831807,4157059919,3398650152,3735959280,12879427,2755627803,2027663154
2629910546,3151359351,1168134288,304221380,3221625860,276892672,3484819191,1639844016,117784134,558704674,2811265544,588505015,2946889467,4125607423,3103788038,3728264157
1341895821,2156700673,1547255897,1663150562,1082919173,1480672806,2982740264,704672628,2093767324,3086984751,2907578576,1744973755,1621692484,1141162638,487595148,1395043112
3187274210,4147248636,1940416205,4168809726,3846141919,4223252991,2121643917,1911259071,3638376409,2878492898,1106181546,2912581630,3487430779,1879046609,405926433,3450942820
3556600670,713688631,2541608394,3731181524,3549092811,36906167,2425389066,3934224380,550569665,1908260543,3728261779,2583753024,35580551,3751760627,276912840,1561593476
2285551640,4270710774,4288339669,2488339952,731986555,865074489,4025789912,74645640,1259487500,1658611255,1865378493,294682818,2350411938,751583366,3741306621,3889037311
2113731177,4051220027,3602890430,2004514693,4226088549,52102186,4143174223,3866885927,1378024621,2013376144,1575802743,3738918743,4000045018,2508000983,3393753125,1585258495
113251102,2378140871,1559973693,491714411,4087414718,344693686,2665467646,3498852383,3243057776,2362387696,1607950107,1775306328,4260061170,551602543,1576926132,2894735368
3178949881,4024378095,3150703487,4056260352,1673428338,1036516342,4058872251,2273739815,3873625790,1599794815,3178852221,2533350815,1063165310,2943896437,3983531383,3066429429
3279269926,2077894634,274308115,377689152,877412928,338338196,3891140447,399863630,4102794874,67909112,2134341075,1238695503,4290179939,4218533743,1472672499,4294827897
3176955581,1591700458,1082147902,2606430188,3980385824,4085088239,4275416957,4294258553,4286180812,3753524032,1602384426,801632444,34144320,4208782260,1057086969,2684005869
3211648487,1939559278,14827616,4294441814,3753012763,2143321589,3614437374,4026384318,3216620911,3236425690,2084558805,3222016168,3969306486,4283415272,3134422051,3080584141
3941187513,1479803274,3218063103,3924797878,2910552821,4098778178,2979700227,2829018076,964688927,1817321744,324622412,4021547827,3937240894,3995002219,1086771640,3172886523
2466038978,3021310148,2904867097,3755963546,2313655432,1812562004,3595603059,942407898,856080777,129966690,2720759855,1182512445,1320804625,631900427,3493997152,167793376
1018555519,2092836786,44581656,2138238335,3133058940,337004282,1007894770,1017903595,3738415859,3159291883,4286280149,2260697087,4293439085,4223967465,2005894054,4062182239
