2,0,24,152,408
2,0,24,25,153,409
2,0,24,536,664,665
256,0,24,152,408
256,0,24,25,153,409
256,0,24,536,664,665
4,0,24,152,408
4,0,24,25,153,409
4,0,24,536,664,665
384,0,24,152,408
384,0,24,25,153,409
384,0,24,536,664,665
6,0,24,152,408
6,0,24,25,153,409
6,0,24,536,664,665
192,0,24,152,408
192,0,24,25,153,409
192,0,24,536,664,665
320,0,24,152,408
320,0,24,25,153,409
320,0,24,536,664,665
448,0,24,152,408
448,0,24,25,153,409
448,0,24,536,664,665
10,8,24,152,408
10,8,24,25,153,409
10,8,24,536,664,665
12,8,24,152,408
12,8,24,25,153,409
12,8,24,536,664,665
14,8,24,152,408
14,8,24,25,153,409
14,8,24,536,664,665
18,16,24,152,408
18,16,24,25,153,409
18,16,24,536,664,665
20,16,24,152,408
20,16,24,25,153,409
20,16,24,536,664,665
272,16,24,152,408
272,16,24,25,153,409
272,16,24,536,664,665
22,16,24,152,408
22,16,24,25,153,409
22,16,24,536,664,665
400,16,24,152,408
400,16,24,25,153,409
400,16,24,536,664,665
208,16,24,152,408
208,16,24,25,153,409
208,16,24,536,664,665
336,16,24,152,408
336,16,24,25,153,409
336,16,24,536,664,665
464,16,24,152,408
464,16,24,25,153,409
464,16,24,536,664,665
282,280,24,152,408
282,280,24,25,153,409
282,280,24,536,664,665
284,280,24,152,408
284,280,24,25,153,409
284,280,24,536,664,665
286,280,24,152,408
286,280,24,25,153,409
286,280,24,536,664,665
288,280,24,152,408
288,280,24,25,153,409
288,280,24,536,664,665
296,280,24,152,408
296,280,24,25,153,409
296,280,24,536,664,665
304,280,24,152,408
304,280,24,25,153,409
304,280,24,536,664,665
312,280,24,152,408
312,280,24,25,153,409
312,280,24,536,664,665
154,26,24,152,408
154,26,24,25,153,409
154,26,24,536,664,665
410,26,24,152,408
410,26,24,25,153,409
410,26,24,536,664,665
34,26,24,152,408
34,26,24,25,153,409
34,26,24,536,664,665
42,26,24,152,408
42,26,24,25,153,409
42,26,24,536,664,665
50,26,24,152,408
50,26,24,25,153,409
50,26,24,536,664,665
58,26,24,152,408
58,26,24,25,153,409
58,26,24,536,664,665
218,26,24,152,408
218,26,24,25,153,409
218,26,24,536,664,665
346,26,24,152,408
346,26,24,25,153,409
346,26,24,536,664,665
474,26,24,152,408
474,26,24,25,153,409
474,26,24,536,664,665
156,28,24,152,408
156,28,24,25,153,409
156,28,24,536,664,665
412,28,24,152,408
412,28,24,25,153,409
412,28,24,536,664,665
36,28,24,152,408
36,28,24,25,153,409
36,28,24,536,664,665
44,28,24,152,408
44,28,24,25,153,409
44,28,24,536,664,665
52,28,24,152,408
52,28,24,25,153,409
52,28,24,536,664,665
60,28,24,152,408
60,28,24,25,153,409
60,28,24,536,664,665
220,28,24,152,408
220,28,24,25,153,409
220,28,24,536,664,665
348,28,24,152,408
348,28,24,25,153,409
348,28,24,536,664,665
476,28,24,152,408
476,28,24,25,153,409
476,28,24,536,664,665
414,30,24,152,408
414,30,24,25,153,409
414,30,24,536,664,665
158,30,24,152,408
158,30,24,25,153,409
158,30,24,536,664,665
38,30,24,152,408
38,30,24,25,153,409
38,30,24,536,664,665
46,30,24,152,408
46,30,24,25,153,409
46,30,24,536,664,665
54,30,24,152,408
54,30,24,25,153,409
54,30,24,536,664,665
62,30,24,152,408
62,30,24,25,153,409
62,30,24,536,664,665
350,30,24,152,408
350,30,24,25,153,409
350,30,24,536,664,665
478,30,24,152,408
478,30,24,25,153,409
478,30,24,536,664,665
222,30,24,152,408
222,30,24,25,153,409
222,30,24,536,664,665
416,32,24,152,408
416,32,24,25,153,409
416,32,24,536,664,665
224,32,24,152,408
224,32,24,25,153,409
224,32,24,536,664,665
352,32,24,152,408
352,32,24,25,153,409
352,32,24,536,664,665
480,32,24,152,408
480,32,24,25,153,409
480,32,24,536,664,665
424,40,24,152,408
424,40,24,25,153,409
424,40,24,536,664,665
232,40,24,152,408
232,40,24,25,153,409
232,40,24,536,664,665
360,40,24,152,408
360,40,24,25,153,409
360,40,24,536,664,665
488,40,24,152,408
488,40,24,25,153,409
488,40,24,536,664,665
432,48,24,152,408
432,48,24,25,153,409
432,48,24,536,664,665
496,48,24,152,408
496,48,24,25,153,409
496,48,24,536,664,665
240,48,24,152,408
240,48,24,25,153,409
240,48,24,536,664,665
368,48,24,152,408
368,48,24,25,153,409
368,48,24,536,664,665
440,56,24,152,408
440,56,24,25,153,409
440,56,24,536,664,665
376,56,24,152,408
376,56,24,25,153,409
376,56,24,536,664,665
504,56,24,152,408
504,56,24,25,153,409
504,56,24,536,664,665
248,56,24,152,408
248,56,24,25,153,409
248,56,24,536,664,665
129,1,25,24,152,408
129,1,25,153,409
129,1,25,24,536,664,665
257,1,25,24,152,408
257,1,25,153,409
257,1,25,24,536,664,665
3,1,25,24,152,408
3,1,25,153,409
3,1,25,24,536,664,665
385,1,25,24,152,408
385,1,25,153,409
385,1,25,24,536,664,665
5,1,25,24,152,408
5,1,25,153,409
5,1,25,24,536,664,665
513,1,25,24,152,408
513,1,25,153,409
513,1,25,24,536,664,665
7,1,25,24,152,408
7,1,25,153,409
7,1,25,24,536,664,665
193,1,25,24,152,408
193,1,25,153,409
193,1,25,24,536,664,665
321,1,25,24,152,408
321,1,25,153,409
321,1,25,24,536,664,665
449,1,25,24,152,408
449,1,25,153,409
449,1,25,24,536,664,665
11,9,25,24,152,408
11,9,25,153,409
11,9,25,24,536,664,665
13,9,25,24,152,408
13,9,25,153,409
13,9,25,24,536,664,665
521,9,25,24,152,408
521,9,25,153,409
521,9,25,24,536,664,665
15,9,25,24,152,408
15,9,25,153,409
15,9,25,24,536,664,665
401,17,25,24,152,408
401,17,25,153,409
401,17,25,24,536,664,665
529,17,25,24,152,408
529,17,25,153,409
529,17,25,24,536,664,665
19,17,25,24,152,408
19,17,25,153,409
19,17,25,24,536,664,665
21,17,25,24,152,408
21,17,25,153,409
21,17,25,24,536,664,665
273,17,25,24,152,408
273,17,25,153,409
273,17,25,24,536,664,665
23,17,25,24,152,408
23,17,25,153,409
23,17,25,24,536,664,665
465,17,25,24,152,408
465,17,25,153,409
465,17,25,24,536,664,665
209,17,25,24,152,408
209,17,25,153,409
209,17,25,24,536,664,665
337,17,25,24,152,408
337,17,25,153,409
337,17,25,24,536,664,665
793,281,25,24,152,408
793,281,25,153,409
793,281,25,24,536,664,665
283,281,25,24,152,408
283,281,25,153,409
283,281,25,24,536,664,665
285,281,25,24,152,408
285,281,25,153,409
285,281,25,24,536,664,665
287,281,25,24,152,408
287,281,25,153,409
287,281,25,24,536,664,665
289,281,25,24,152,408
289,281,25,153,409
289,281,25,24,536,664,665
297,281,25,24,152,408
297,281,25,153,409
297,281,25,24,536,664,665
305,281,25,24,152,408
305,281,25,153,409
305,281,25,24,536,664,665
313,281,25,24,152,408
313,281,25,153,409
313,281,25,24,536,664,665
729,537,25,24,152,408
729,537,25,153,409
729,537,25,24,536,664,665
539,537,25,24,152,408
539,537,25,153,409
539,537,25,24,536,664,665
541,537,25,24,152,408
541,537,25,153,409
541,537,25,24,536,664,665
543,537,25,24,152,408
543,537,25,153,409
543,537,25,24,536,664,665
545,537,25,24,152,408
545,537,25,153,409
545,537,25,24,536,664,665
553,537,25,24,152,408
553,537,25,153,409
553,537,25,24,536,664,665
561,537,25,24,152,408
561,537,25,153,409
561,537,25,24,536,664,665
569,537,25,24,152,408
569,537,25,153,409
569,537,25,24,536,664,665
155,27,25,24,152,408
155,27,25,153,409
155,27,25,24,536,664,665
411,27,25,24,152,408
411,27,25,153,409
411,27,25,24,536,664,665
35,27,25,24,152,408
35,27,25,153,409
35,27,25,24,536,664,665
43,27,25,24,152,408
43,27,25,153,409
43,27,25,24,536,664,665
51,27,25,24,152,408
51,27,25,153,409
51,27,25,24,536,664,665
59,27,25,24,152,408
59,27,25,153,409
59,27,25,24,536,664,665
219,27,25,24,152,408
219,27,25,153,409
219,27,25,24,536,664,665
347,27,25,24,152,408
347,27,25,153,409
347,27,25,24,536,664,665
475,27,25,24,152,408
475,27,25,153,409
475,27,25,24,536,664,665
157,29,25,24,152,408
157,29,25,153,409
157,29,25,24,536,664,665
413,29,25,24,152,408
413,29,25,153,409
413,29,25,24,536,664,665
37,29,25,24,152,408
37,29,25,153,409
37,29,25,24,536,664,665
45,29,25,24,152,408
45,29,25,153,409
45,29,25,24,536,664,665
53,29,25,24,152,408
53,29,25,153,409
53,29,25,24,536,664,665
61,29,25,24,152,408
61,29,25,153,409
61,29,25,24,536,664,665
477,29,25,24,152,408
477,29,25,153,409
477,29,25,24,536,664,665
349,29,25,24,152,408
349,29,25,153,409
349,29,25,24,536,664,665
221,29,25,24,152,408
221,29,25,153,409
221,29,25,24,536,664,665
159,31,25,24,152,408
159,31,25,153,409
159,31,25,24,536,664,665
415,31,25,24,152,408
415,31,25,153,409
415,31,25,24,536,664,665
39,31,25,24,152,408
39,31,25,153,409
39,31,25,24,536,664,665
47,31,25,24,152,408
47,31,25,153,409
47,31,25,24,536,664,665
55,31,25,24,152,408
55,31,25,153,409
55,31,25,24,536,664,665
63,31,25,24,152,408
63,31,25,153,409
63,31,25,24,536,664,665
223,31,25,24,152,408
223,31,25,153,409
223,31,25,24,536,664,665
351,31,25,24,152,408
351,31,25,153,409
351,31,25,24,536,664,665
479,31,25,24,152,408
479,31,25,153,409
479,31,25,24,536,664,665
417,33,25,24,152,408
417,33,25,153,409
417,33,25,24,536,664,665
225,33,25,24,152,408
225,33,25,153,409
225,33,25,24,536,664,665
353,33,25,24,152,408
353,33,25,153,409
353,33,25,24,536,664,665
481,33,25,24,152,408
481,33,25,153,409
481,33,25,24,536,664,665
425,41,25,24,152,408
425,41,25,153,409
425,41,25,24,536,664,665
233,41,25,24,152,408
233,41,25,153,409
233,41,25,24,536,664,665
489,41,25,24,152,408
489,41,25,153,409
489,41,25,24,536,664,665
361,41,25,24,152,408
361,41,25,153,409
361,41,25,24,536,664,665
433,49,25,24,152,408
433,49,25,153,409
433,49,25,24,536,664,665
497,49,25,24,152,408
497,49,25,153,409
497,49,25,24,536,664,665
241,49,25,24,152,408
241,49,25,153,409
241,49,25,24,536,664,665
369,49,25,24,152,408
369,49,25,153,409
369,49,25,24,536,664,665
441,57,25,24,152,408
441,57,25,153,409
441,57,25,24,536,664,665
249,57,25,24,152,408
249,57,25,153,409
249,57,25,24,536,664,665
377,57,25,24,152,408
377,57,25,153,409
377,57,25,24,536,664,665
505,57,25,24,152,408
505,57,25,153,409
505,57,25,24,536,664,665
704,512,536,24,152,408
704,512,536,24,25,153,409
704,512,536,664,665
768,512,536,24,152,408
768,512,536,24,25,153,409
768,512,536,664,665
514,512,536,24,152,408
514,512,536,24,25,153,409
514,512,536,664,665
516,512,536,24,152,408
516,512,536,24,25,153,409
516,512,536,664,665
518,512,536,24,152,408
518,512,536,24,25,153,409
518,512,536,664,665
736,544,536,24,152,408
736,544,536,24,25,153,409
736,544,536,664,665
800,544,536,24,152,408
800,544,536,24,25,153,409
800,544,536,664,665
546,544,536,24,152,408
546,544,536,24,25,153,409
546,544,536,664,665
548,544,536,24,152,408
548,544,536,24,25,153,409
548,544,536,664,665
550,544,536,24,152,408
550,544,536,24,25,153,409
550,544,536,664,665
522,520,536,24,152,408
522,520,536,24,25,153,409
522,520,536,664,665
524,520,536,24,152,408
524,520,536,24,25,153,409
524,520,536,664,665
526,520,536,24,152,408
526,520,536,24,25,153,409
526,520,536,664,665
744,552,536,24,152,408
744,552,536,24,25,153,409
744,552,536,664,665
808,552,536,24,152,408
808,552,536,24,25,153,409
808,552,536,664,665
554,552,536,24,152,408
554,552,536,24,25,153,409
554,552,536,664,665
556,552,536,24,152,408
556,552,536,24,25,153,409
556,552,536,664,665
558,552,536,24,152,408
558,552,536,24,25,153,409
558,552,536,664,665
824,568,536,24,152,408
824,568,536,24,25,153,409
824,568,536,664,665
760,568,536,24,152,408
760,568,536,24,25,153,409
760,568,536,664,665
570,568,536,24,152,408
570,568,536,24,25,153,409
570,568,536,664,665
572,568,536,24,152,408
572,568,536,24,25,153,409
572,568,536,664,665
574,568,536,24,152,408
574,568,536,24,25,153,409
574,568,536,664,665
720,728,536,24,152,408
720,728,536,24,25,153,409
720,728,536,664,665
752,728,536,24,152,408
752,728,536,24,25,153,409
752,728,536,664,665
730,728,536,24,152,408
730,728,536,24,25,153,409
730,728,536,664,665
732,728,536,24,152,408
732,728,536,24,25,153,409
732,728,536,664,665
734,728,536,24,152,408
734,728,536,24,25,153,409
734,728,536,664,665
784,528,536,24,152,408
784,528,536,24,25,153,409
784,528,536,664,665
530,528,536,24,152,408
530,528,536,24,25,153,409
530,528,536,664,665
532,528,536,24,152,408
532,528,536,24,25,153,409
532,528,536,664,665
534,528,536,24,152,408
534,528,536,24,25,153,409
534,528,536,664,665
816,560,536,24,152,408
816,560,536,24,25,153,409
816,560,536,664,665
562,560,536,24,152,408
562,560,536,24,25,153,409
562,560,536,664,665
564,560,536,24,152,408
564,560,536,24,25,153,409
564,560,536,664,665
566,560,536,24,152,408
566,560,536,24,25,153,409
566,560,536,664,665
794,792,536,24,152,408
794,792,536,24,25,153,409
794,792,536,664,665
796,792,536,24,152,408
796,792,536,24,25,153,409
796,792,536,664,665
798,792,536,24,152,408
798,792,536,24,25,153,409
798,792,536,664,665
666,538,536,24,152,408
666,538,536,24,25,153,409
666,538,536,664,665
668,540,536,24,152,408
668,540,536,24,25,153,409
668,540,536,664,665
670,542,536,24,152,408
670,542,536,24,25,153,409
670,542,536,664,665
66,64,88,152,408
66,64,88,89,153,409
66,64,88,600,664,665
68,64,88,152,408
68,64,88,89,153,409
68,64,88,600,664,665
70,64,88,152,408
70,64,88,89,153,409
70,64,88,600,664,665
74,72,88,152,408
74,72,88,89,153,409
74,72,88,600,664,665
76,72,88,152,408
76,72,88,89,153,409
76,72,88,600,664,665
78,72,88,152,408
78,72,88,89,153,409
78,72,88,600,664,665
82,80,88,152,408
82,80,88,89,153,409
82,80,88,600,664,665
84,80,88,152,408
84,80,88,89,153,409
84,80,88,600,664,665
86,80,88,152,408
86,80,88,89,153,409
86,80,88,600,664,665
98,90,88,152,408
98,90,88,89,153,409
98,90,88,600,664,665
106,90,88,152,408
106,90,88,89,153,409
106,90,88,600,664,665
114,90,88,152,408
114,90,88,89,153,409
114,90,88,600,664,665
122,90,88,152,408
122,90,88,89,153,409
122,90,88,600,664,665
100,92,88,152,408
100,92,88,89,153,409
100,92,88,600,664,665
108,92,88,152,408
108,92,88,89,153,409
108,92,88,600,664,665
116,92,88,152,408
116,92,88,89,153,409
116,92,88,600,664,665
124,92,88,152,408
124,92,88,89,153,409
124,92,88,600,664,665
102,94,88,152,408
102,94,88,89,153,409
102,94,88,600,664,665
110,94,88,152,408
110,94,88,89,153,409
110,94,88,600,664,665
118,94,88,152,408
118,94,88,89,153,409
118,94,88,600,664,665
126,94,88,152,408
126,94,88,89,153,409
126,94,88,600,664,665
67,65,89,88,152,408
67,65,89,153,409
67,65,89,88,600,664,665
69,65,89,88,152,408
69,65,89,153,409
69,65,89,88,600,664,665
577,65,89,88,152,408
577,65,89,153,409
577,65,89,88,600,664,665
71,65,89,88,152,408
71,65,89,153,409
71,65,89,88,600,664,665
585,73,89,88,152,408
585,73,89,153,409
585,73,89,88,600,664,665
75,73,89,88,152,408
75,73,89,153,409
75,73,89,88,600,664,665
77,73,89,88,152,408
77,73,89,153,409
77,73,89,88,600,664,665
79,73,89,88,152,408
79,73,89,153,409
79,73,89,88,600,664,665
593,81,89,88,152,408
593,81,89,153,409
593,81,89,88,600,664,665
83,81,89,88,152,408
83,81,89,153,409
83,81,89,88,600,664,665
85,81,89,88,152,408
85,81,89,153,409
85,81,89,88,600,664,665
87,81,89,88,152,408
87,81,89,153,409
87,81,89,88,600,664,665
609,601,89,88,152,408
609,601,89,153,409
609,601,89,88,600,664,665
617,601,89,88,152,408
617,601,89,153,409
617,601,89,88,600,664,665
625,601,89,88,152,408
625,601,89,153,409
625,601,89,88,600,664,665
633,601,89,88,152,408
633,601,89,153,409
633,601,89,88,600,664,665
603,601,89,88,152,408
603,601,89,153,409
603,601,89,88,600,664,665
605,601,89,88,152,408
605,601,89,153,409
605,601,89,88,600,664,665
607,601,89,88,152,408
607,601,89,153,409
607,601,89,88,600,664,665
99,91,89,88,152,408
99,91,89,153,409
99,91,89,88,600,664,665
107,91,89,88,152,408
107,91,89,153,409
107,91,89,88,600,664,665
115,91,89,88,152,408
115,91,89,153,409
115,91,89,88,600,664,665
123,91,89,88,152,408
123,91,89,153,409
123,91,89,88,600,664,665
101,93,89,88,152,408
101,93,89,153,409
101,93,89,88,600,664,665
109,93,89,88,152,408
109,93,89,153,409
109,93,89,88,600,664,665
117,93,89,88,152,408
117,93,89,153,409
117,93,89,88,600,664,665
125,93,89,88,152,408
125,93,89,153,409
125,93,89,88,600,664,665
103,95,89,88,152,408
103,95,89,153,409
103,95,89,88,600,664,665
111,95,89,88,152,408
111,95,89,153,409
111,95,89,88,600,664,665
119,95,89,88,152,408
119,95,89,153,409
119,95,89,88,600,664,665
127,95,89,88,152,408
127,95,89,153,409
127,95,89,88,600,664,665
578,576,600,88,152,408
578,576,600,88,89,153,409
578,576,600,664,665
580,576,600,88,152,408
580,576,600,88,89,153,409
580,576,600,664,665
582,576,600,88,152,408
582,576,600,88,89,153,409
582,576,600,664,665
610,608,600,88,152,408
610,608,600,88,89,153,409
610,608,600,664,665
612,608,600,88,152,408
612,608,600,88,89,153,409
612,608,600,664,665
614,608,600,88,152,408
614,608,600,88,89,153,409
614,608,600,664,665
586,584,600,88,152,408
586,584,600,88,89,153,409
586,584,600,664,665
588,584,600,88,152,408
588,584,600,88,89,153,409
588,584,600,664,665
590,584,600,88,152,408
590,584,600,88,89,153,409
590,584,600,664,665
618,616,600,88,152,408
618,616,600,88,89,153,409
618,616,600,664,665
620,616,600,88,152,408
620,616,600,88,89,153,409
620,616,600,664,665
622,616,600,88,152,408
622,616,600,88,89,153,409
622,616,600,664,665
634,632,600,88,152,408
634,632,600,88,89,153,409
634,632,600,664,665
636,632,600,88,152,408
636,632,600,88,89,153,409
636,632,600,664,665
638,632,600,88,152,408
638,632,600,88,89,153,409
638,632,600,664,665
594,592,600,88,152,408
594,592,600,88,89,153,409
594,592,600,664,665
596,592,600,88,152,408
596,592,600,88,89,153,409
596,592,600,664,665
598,592,600,88,152,408
598,592,600,88,89,153,409
598,592,600,664,665
626,624,600,88,152,408
626,624,600,88,89,153,409
626,624,600,664,665
628,624,600,88,152,408
628,624,600,88,89,153,409
628,624,600,664,665
630,624,600,88,152,408
630,624,600,88,89,153,409
630,624,600,664,665
130,128,136,152,408
130,128,136,137,153,409
130,128,136,648,664,665
132,128,136,152,408
132,128,136,137,153,409
132,128,136,648,664,665
134,128,136,152,408
134,128,136,137,153,409
134,128,136,648,664,665
266,138,136,152,408
266,138,136,137,153,409
266,138,136,648,664,665
394,138,136,152,408
394,138,136,137,153,409
394,138,136,648,664,665
146,138,136,152,408
146,138,136,137,153,409
146,138,136,648,664,665
162,138,136,152,408
162,138,136,137,153,409
162,138,136,648,664,665
170,138,136,152,408
170,138,136,137,153,409
170,138,136,648,664,665
178,138,136,152,408
178,138,136,137,153,409
178,138,136,648,664,665
186,138,136,152,408
186,138,136,137,153,409
186,138,136,648,664,665
458,138,136,152,408
458,138,136,137,153,409
458,138,136,648,664,665
202,138,136,152,408
202,138,136,137,153,409
202,138,136,648,664,665
330,138,136,152,408
330,138,136,137,153,409
330,138,136,648,664,665
268,264,136,152,408
268,264,136,137,153,409
268,264,136,648,664,665
270,264,136,152,408
270,264,136,137,153,409
270,264,136,648,664,665
396,140,136,152,408
396,140,136,137,153,409
396,140,136,648,664,665
148,140,136,152,408
148,140,136,137,153,409
148,140,136,648,664,665
164,140,136,152,408
164,140,136,137,153,409
164,140,136,648,664,665
172,140,136,152,408
172,140,136,137,153,409
172,140,136,648,664,665
180,140,136,152,408
180,140,136,137,153,409
180,140,136,648,664,665
188,140,136,152,408
188,140,136,137,153,409
188,140,136,648,664,665
332,140,136,152,408
332,140,136,137,153,409
332,140,136,648,664,665
460,140,136,152,408
460,140,136,137,153,409
460,140,136,648,664,665
204,140,136,152,408
204,140,136,137,153,409
204,140,136,648,664,665
398,392,136,152,408
398,392,136,137,153,409
398,392,136,648,664,665
150,142,136,152,408
150,142,136,137,153,409
150,142,136,648,664,665
166,142,136,152,408
166,142,136,137,153,409
166,142,136,648,664,665
174,142,136,152,408
174,142,136,137,153,409
174,142,136,648,664,665
182,142,136,152,408
182,142,136,137,153,409
182,142,136,648,664,665
190,142,136,152,408
190,142,136,137,153,409
190,142,136,648,664,665
206,142,136,152,408
206,142,136,137,153,409
206,142,136,648,664,665
334,142,136,152,408
334,142,136,137,153,409
334,142,136,648,664,665
462,142,136,152,408
462,142,136,137,153,409
462,142,136,648,664,665
673,161,137,136,152,408
673,161,137,153,409
673,161,137,136,648,664,665
163,161,137,136,152,408
163,161,137,153,409
163,161,137,136,648,664,665
165,161,137,136,152,408
165,161,137,153,409
165,161,137,136,648,664,665
167,161,137,136,152,408
167,161,137,153,409
167,161,137,136,648,664,665
641,649,137,136,152,408
641,649,137,153,409
641,649,137,136,648,664,665
777,649,137,136,152,408
777,649,137,153,409
777,649,137,136,648,664,665
651,649,137,136,152,408
651,649,137,153,409
651,649,137,136,648,664,665
653,649,137,136,152,408
653,649,137,153,409
653,649,137,136,648,664,665
681,649,137,136,152,408
681,649,137,153,409
681,649,137,136,648,664,665
655,649,137,136,152,408
655,649,137,153,409
655,649,137,136,648,664,665
713,649,137,136,152,408
713,649,137,153,409
713,649,137,136,648,664,665
657,649,137,136,152,408
657,649,137,153,409
657,649,137,136,648,664,665
689,649,137,136,152,408
689,649,137,153,409
689,649,137,136,648,664,665
697,649,137,136,152,408
697,649,137,153,409
697,649,137,136,648,664,665
187,185,137,136,152,408
187,185,137,153,409
187,185,137,136,648,664,665
189,185,137,136,152,408
189,185,137,153,409
189,185,137,136,648,664,665
191,185,137,136,152,408
191,185,137,153,409
191,185,137,136,648,664,665
131,139,137,136,152,408
131,139,137,153,409
131,139,137,136,648,664,665
395,139,137,136,152,408
395,139,137,153,409
395,139,137,136,648,664,665
267,139,137,136,152,408
267,139,137,153,409
267,139,137,136,648,664,665
147,139,137,136,152,408
147,139,137,153,409
147,139,137,136,648,664,665
171,139,137,136,152,408
171,139,137,153,409
171,139,137,136,648,664,665
179,139,137,136,152,408
179,139,137,153,409
179,139,137,136,648,664,665
331,139,137,136,152,408
331,139,137,153,409
331,139,137,136,648,664,665
459,139,137,136,152,408
459,139,137,153,409
459,139,137,136,648,664,665
203,139,137,136,152,408
203,139,137,153,409
203,139,137,136,648,664,665
173,169,137,136,152,408
173,169,137,153,409
173,169,137,136,648,664,665
175,169,137,136,152,408
175,169,137,153,409
175,169,137,136,648,664,665
133,141,137,136,152,408
133,141,137,153,409
133,141,137,136,648,664,665
269,141,137,136,152,408
269,141,137,153,409
269,141,137,136,648,664,665
397,141,137,136,152,408
397,141,137,153,409
397,141,137,136,648,664,665
149,141,137,136,152,408
149,141,137,153,409
149,141,137,136,648,664,665
181,141,137,136,152,408
181,141,137,153,409
181,141,137,136,648,664,665
205,141,137,136,152,408
205,141,137,153,409
205,141,137,136,648,664,665
333,141,137,136,152,408
333,141,137,153,409
333,141,137,136,648,664,665
461,141,137,136,152,408
461,141,137,153,409
461,141,137,136,648,664,665
207,201,137,136,152,408
207,201,137,153,409
207,201,137,136,648,664,665
135,143,137,136,152,408
135,143,137,153,409
135,143,137,136,648,664,665
271,143,137,136,152,408
271,143,137,153,409
271,143,137,136,648,664,665
399,143,137,136,152,408
399,143,137,153,409
399,143,137,136,648,664,665
151,143,137,136,152,408
151,143,137,153,409
151,143,137,136,648,664,665
183,143,137,136,152,408
183,143,137,153,409
183,143,137,136,648,664,665
335,143,137,136,152,408
335,143,137,153,409
335,143,137,136,648,664,665
463,143,137,136,152,408
463,143,137,153,409
463,143,137,136,648,664,665
642,640,648,136,152,408
642,640,648,136,137,153,409
642,640,648,664,665
644,640,648,136,152,408
644,640,648,136,137,153,409
644,640,648,664,665
646,640,648,136,152,408
646,640,648,136,137,153,409
646,640,648,664,665
674,672,648,136,152,408
674,672,648,136,137,153,409
674,672,648,664,665
676,672,648,136,152,408
676,672,648,136,137,153,409
676,672,648,664,665
678,672,648,136,152,408
678,672,648,136,137,153,409
678,672,648,664,665
778,776,648,136,152,408
778,776,648,136,137,153,409
778,776,648,664,665
780,776,648,136,152,408
780,776,648,136,137,153,409
780,776,648,664,665
782,776,648,136,152,408
782,776,648,136,137,153,409
782,776,648,664,665
682,650,648,136,152,408
682,650,648,136,137,153,409
682,650,648,664,665
714,650,648,136,152,408
714,650,648,136,137,153,409
714,650,648,664,665
658,650,648,136,152,408
658,650,648,136,137,153,409
658,650,648,664,665
690,650,648,136,152,408
690,650,648,136,137,153,409
690,650,648,664,665
698,650,648,136,152,408
698,650,648,136,137,153,409
698,650,648,664,665
684,652,648,136,152,408
684,652,648,136,137,153,409
684,652,648,664,665
716,652,648,136,152,408
716,652,648,136,137,153,409
716,652,648,664,665
660,652,648,136,152,408
660,652,648,136,137,153,409
660,652,648,664,665
692,652,648,136,152,408
692,652,648,136,137,153,409
692,652,648,664,665
700,652,648,136,152,408
700,652,648,136,137,153,409
700,652,648,664,665
686,654,648,136,152,408
686,654,648,136,137,153,409
686,654,648,664,665
718,654,648,136,152,408
718,654,648,136,137,153,409
718,654,648,664,665
662,654,648,136,152,408
662,654,648,136,137,153,409
662,654,648,664,665
694,654,648,136,152,408
694,654,648,136,137,153,409
694,654,648,664,665
702,654,648,136,152,408
702,654,648,136,137,153,409
702,654,648,664,665
