1877218938,3059703450,2199543730,1763314427,3641490525,749374082,1151742033,3474611771,3429862084,4097474175,3789538122,2270226906,3455668153,3095514798,2491428303,1358605426
2417748357,1235263845,2095423565,2531652868,653476770,3545593213,3143225262,820355524,865105211,197493120,505429173,2024740389,839299142,1199452497,1803538992,2936361869
1163481302,2198650873,3836282172,3164367060,2214346043,3192216107,1872663988,609281754,3274787012,2792374771,4235820065,4109973901,1580993832,1286319200,1110722348,44221904
3131485993,2096316422,458685123,1130600235,2080621252,1102751188,2422303307,3685685541,1020180283,1502592524,59147230,184993394,2713973463,3008648095,3184244947,4250745391
1185761442,1978833088,4278277841,2462993468,2439781793,4126358540,852308539,1033841534,1636071091,1204981605,1474996413,1543325394,4148073663,633162506,1408911948,3062394619
3109205853,2316134207,16689454,1831973827,1855185502,168608755,3442658756,3261125761,2658896204,3089985690,2819970882,2751641901,146893632,3661804789,2886055347,1232572676
262341130,1604807350,1499448375,3567602972,1594770766,2726605821,868251919,1409414872,1969424813,929580032,930045716,1476302471,1088906783,796170978,3583493189,2841585554
4032626165,2690159945,2795518920,727364323,2700196529,1568361474,3426715376,2885552423,2325542482,3365387263,3364921579,2818664824,3206060512,3498796317,711474106,1453381741
1185493380,4078724904,2946323392,2320298713,48736736,2762572642,4290525772,2293192920,1876817525,527919934,3141305153,4255822721,1166828459,1402243439,2380262513,1789299124
3109473915,216242391,1348643903,1974668582,4246230559,1532394653,4441523,2001774375,2418149770,3767047361,1153662142,39144574,3128138836,2892723856,1914704782,2505668171
44217347,1998875832,4080991014,3562975223,248928913,2202476191,875545902,3308943757,1481756252,3738526496,332319601,2078218095,843113854,729151970,1166132971,2168540539
4250749948,2296091463,213976281,731992072,4046038382,2092491104,3419421393,986023538,2813211043,556440799,3962647694,2216749200,3451853441,3565815325,3128834324,2126426756
4172723502,2109157966,1872264944,3276139629,508381664,2540897938,3147317610,252045023,33692679,3203514944,4261587495,1587342698,1592249437,100273186,2844748292,4199271009
122243793,2185809329,2422702351,1018827666,3786585631,1754069357,1147649685,4042922272,4261274616,1091452351,33379800,2707624597,2702717858,4194694109,1450219003,95696286
420578139,3523866681,3740857008,2914928260,938260047,2826013906,4167730580,3937290143,4132029217,848613725,3057686489,831467783,3286395812,4194924706,635396039,3907388584
3874389156,771100614,554110287,1380039035,3356707248,1468953389,127236715,357677152,162938078,3446353570,1237280806,3463499512,1008571483,100042589,3659571256,387578711
2114516388,2081274977,1289003014,1088452578,3472722161,1557099413,3714519888,4185386430,989327448,3728619493,4262517410,4235646646,1980675254,3845726310,3626377757,6013079
2180450907,2213692318,3005964281,3206514717,822245134,2737867882,580447407,109580865,3305639847,566347802,32449885,59320649,2314292041,449240985,668589538,4288954216
149801766,3640863272,1183177311,2245551307,1767403233,1760971135,1727398441,2249745560,306620382,1618417468,2938829246,2827037256,1068916749,332623062,2040020505,3194505592
4145165529,654104023,3111789984,2049415988,2527564062,2533996160,2567568854,2045221735,3988346913,2676549827,1356138049,1467930039,3226050546,3962344233,2254946790,1100461703
1032152819,962447830,2065935987,3924968425,4048962212,4228203650,496469996,2685306016,3208965732,3451649528,3020311495,2260649596,2093707991,2709676889,1855005242,1107573316
3262814476,3332519465,2229031308,369998870,246005083,66763645,3798497299,1609661279,1086001563,843317767,1274655800,2034317699,2201259304,1585290406,2439962053,3187393979
1538112125,2833272793,663848069,1350125758,157528807,2197765233,1995913634,1615649299,804400039,492506927,3961761804,2238684260,1271232213,1953794636,190008324,804900129
2756855170,1461694502,3631119226,2944841537,4137438488,2097202062,2299053661,2679317996,3490567256,3802460368,333205491,2056283035,3023735082,2341172659,4104958971,3490067166
1369525802,1261555894,2345480853,3758105670,746836968,2513273854,3625952365,1659932953,556311205,891256819,1669071201,1274920616,2306164975,3033006900,606369410,1011275597
2925441493,3033411401,1949486442,536861625,3548130327,1781693441,669014930,2635034342,3738656090,3403710476,2625896094,3020046679,1988802320,1261960395,3688597885,3283691698
522311826,1414312973,690923834,4115675060,782347553,4147965170,3769880530,3141704588,232725597,85166878,2889742602,3454862602,1939826405,3528656762,58726775,1396100416
3772655469,2880654322,3604043461,179292235,3512619742,147002125,525086765,1153262707,4062241698,4209800417,1405224693,840104693,2355140890,766310533,4236240520,2898866879
1983692282,2002568608,1073510515,3546725446,3347074264,2734413189,1116754126,798234133,3048704147,3487944802,2703287909,2021881005,2406580474,3575109970,3538637696,2573520117
2311275013,2292398687,3221456780,748241849,947893031,1560554106,3178213169,3496733162,1246263148,807022493,1591679386,2273086290,1888386821,719857325,756329599,1721447178
241994710,2390085003,3659217371,2293305208,3859118935,3824633147,1265884043,2109791893,2823783386,2671636982,2088478239,2899510152,3673533260,203154875,1927777361,241063648
4052972585,1904882292,635749924,2001662087,435848360,470334148,3029083252,2185175402,1471183909,1623330313,2206489056,1395457143,621434035,4091812420,2367189934,4053903647
3229555733,817539822,2214817566,3346459450,1409953430,2794539214,1066305945,3845850946,3870450892,668548394,3626890979,1059716709,3982848990,4233705666,1691044203,599289274
1065411562,3477427473,2080149729,948507845,2885013865,1500428081,3228661350,449116349,424516403,3626418901,668076316,3235250586,312118305,61261629,2603923092,3695678021
2870441107,1023951272,64413439,2641490140,1697216008,3605252627,3294689483,3187883845,213509721,1502718072,1862827492,3333430369,3047115949,2946551450,4273086266,176220707
1424526188,3271016023,4230553856,1653477155,2597751287,689714668,1000277812,1107083450,4081457574,2792249223,2432139803,961536926,1247851346,1348415845,21881029,4118746588
2187582237,991190316,461371611,4024972388,713747189,442921336,1626420842,1163523197,3118998285,466633868,3416765418,3142966159,359897516,2345206018,2430224825,2856212731
2107385058,3303776979,3833595684,269994907,3581220106,3852045959,2668546453,3131444098,1175969010,3828333427,878201877,1152001136,3935069779,1949761277,1864742470,1438754564
2474753487,3617860702,3890675111,1591419371,3039214107,3696174705,2416800199,3013053343,2368397422,3712041685,2477806041,372363557,482124151,750385642,4258546043,741574027
1820213808,677106593,404292184,2703547924,1255753188,598792590,1878167096,1281913952,1926569873,582925610,1817161254,3922603738,3812843144,3544581653,36421252,3553393268
365951042,3712043830,1461964400,3135419221,285810314,608508617,363006502,2727077119,317082821,1301307859,1781189488,481623479,2229791021,1171445901,1633630370,2268806565
3929016253,582923465,2833002895,1159548074,4009156981,3686458678,3931960793,1567890176,3977884474,2993659436,2513777807,3813343816,2065176274,3123521394,2661336925,2026160730
1503606407,4153887277,3766422502,4204768611,307582502,2633882553,3956695354,2477553334,2606798533,166027872,1522697692,942034893,1958090910,2153822441,2628732304,2344159986
2791360888,141080018,528544793,90198684,3987384793,1661084742,338271941,1817413961,1688168762,4128939423,2772269603,3352932402,2336876385,2141144854,1666234991,1950807309
1805190702,1708487049,3705810237,3749502153,3407342181,687911364,987785946,600037514,1206749750,1648282259,1949636549,1742172841,4126828422,2879518774,3830099984,4084448359
2489776593,2586480246,589157058,545465142,887625114,3607055931,3307181349,3694929781,3088217545,2646685036,2345330746,2552794454,168138873,1415448521,464867311,210518936
1668175630,1167744750,2525167308,1114895437,2983544675,676099501,2515387844,1577374604,3647992686,695844004,714066379,3624962848,3836232409,3338548817,1519840837,157648181
2626791665,3127222545,1769799987,3180071858,1311422620,3618867794,1779579451,2717592691,646974609,3599123291,3580900916,670004447,458734886,956418478,2775126458,4137319114
769041540,3501838507,3552210086,3318220843,330219506,1968123494,714298992,2515377054,3726562123,283616355,2462849291,494179455,550688654,1813336720,1107508111,597788883
3525925755,793128788,742757209,976746452,3964747789,2326843801,3580668303,1779590241,568405172,4011350940,1832118004,3800787840,3744278641,2481630575,3187459184,3697178412
3246990942,1692052733,1721669637,2613299460,1955511535,3887940616,3227020620,259177001,1992054150,3304393231,357277653,1641837834,3550782681,1816253781,2609811430,647442460
1047976353,2602914562,2573297658,1681667835,2339455760,407026679,1067946675,4035790294,2302913145,990574064,3937689642,2653129461,744184614,2478713514,1685155865,3647524835
1464605173,3021617362,3913350090,2914816084,1167963542,2415514852,4075120955,779976990,1749433906,3569494140,334853358,2470272167,390164078,2373538468,3739506604,1312141550
2830362122,1273349933,381617205,1380151211,3127003753,1879452443,219846340,3514990305,2545533389,725473155,3960113937,1824695128,3904803217,1921428827,555460691,2982825745
2393740767,1587021463,2148455099,2153693932,2524645988,3662971122,4119518189,728636339,4164550302,394025181,789927577,440947687,4092839192,1244610778,4112324725,1553059640
1901226528,2707945832,2146512196,2141273363,1770321307,631996173,175449106,3566330956,130416993,3900942114,3505039718,3854019608,202128103,3050356517,182642570,2741907655
2263012811,440126346,1503791894,2164287727,2035245849,3266487726,3655925151,337954913,1781889327,3495923827,2485290275,3406394659,1736372149,3029900954,2308238997,2930333496
2031954484,3854840949,2791175401,2130679568,2259721446,1028479569,639042144,3957012382,2513077968,799043468,1809677020,888572636,2558595146,1265066341,1986728298,1364633799
2472795831,1865064108,1280711618,3204721551,3980779361,2928782205,3127538059,3107490371,1446448763,1024734132,2678611524,1316907433,2539142133,2390604545,3871836300,1746735069
1822171464,2429903187,3014255677,1090245744,314187934,1366185090,1167429236,1187476924,2848518532,3270233163,1616355771,2978059862,1755825162,1904362750,423130995,2548232226
867870973,4096757757,177864553,600343588,156851877,3892347769,569110393,507785240,2592743462,2039121284,163888466,541816694,296717400,3842427341,1224692299,3071642593
3427096322,198209538,4117102742,3694623707,4138115418,402619526,3725856902,3787182055,1702223833,2255846011,4131078829,3753150601,3998249895,452539954,3070274996,1223324702
134849769,1536704646,552514314,4167565708,2331838371,671031484,833093142,3931914580,3899306165,2983999984,2544539330,502200189,197119848,3365487652,3505526562,3274189033
4160117526,2758262649,3742452981,127401587,1963128924,3623935811,3461874153,363052715,395661130,1310967311,1750427965,3792767106,4097847447,929479643,789440733,1020778262
4106348002,1567218158,2149926900,3655047241,780116775,6398409,4216467206,3612040855,3405989262,3789021911,2909773465,3671583569,1560656242,1466103418,2524998609,3918824911
188619293,2727749137,2145040395,639920054,3514850520,4288568886,78500089,682926440,888978033,505945384,1385193830,623383726,2734311053,2828863877,1769968686,376142384
3825569296,2178935602,436882409,1105671284,415460309,1053059583,2369848086,1051412044,2111292010,71617201,3304113692,1699269167,2923441723,1661358753,109247654,106559361
469397999,2116031693,3858084886,3189296011,3879506986,3241907712,1925119209,3243555251,2183675285,4223350094,990853603,2595698128,1371525572,2633608542,4185719641,4188407934
1694368367,1399381018,3446693449,235347731,3481502271,486205405,1455833543,3945712274,122292162,1761334297,760116944,3885866719,228844707,3607603910,1139737968,1991077028
2600598928,2895586277,848273846,4059619564,813465024,3808761890,2839133752,349255021,4172675133,2533632998,3534850351,409100576,4066122588,687363385,3155229327,2303890267
2914491977,1427200598,61122615,1303081985,2438983230,35193334,629485042,269415445,2043775692,627638470,3476519129,381865342,1243942275,3040981155,307587433,4176795033
1380475318,2867766697,4233844680,2991885310,1855984065,4259773961,3665482253,4025551850,2251191603,3667328825,818448166,3913101953,3051025020,1253986140,3987379862,118172262
2747292464,2760069539,1478869310,3880373616,3766547762,8833597,362287673,2396444082,3702127466,1962526853,3811202660,558736143,2992375789,169714930,1537533464,2227203310
1547674831,1534897756,2816097985,414593679,528419533,4286133698,3932679622,1898523213,592839829,2332440442,483764635,3736231152,1302591506,4125252365,2757433831,2067763985
1494954989,2323693815,2532897720,276959169,2542919625,3598176631,2593779128,2381003229,2327217051,129884300,1557546124,3107978503,912017501,605746888,1224377424,668545607
2800012306,1971273480,1762069575,4018008126,1752047670,696790664,1701188167,1913964066,1967750244,4165082995,2737421171,1186988792,3382949794,3689220407,3070589871,3626421688
489497014,1834253147,1590776519,2729395739,2396354980,506969074,701770305,1443871852,3265390946,184865935,3185054154,3398616320,18235385,320465608,3083673854,4014531784
3805470281,2460714148,2704190776,1565571556,1898612315,3787998221,3593196990,2851095443,1029576349,4110101360,1109913141,896350975,4276731910,3974501687,1211293441,280435511
674366616,725373301,3125829910,1617074080,2412820899,210982354,2664614056,256267983,2361819881,2755121017,3797494940,3294464243,4273860385,1581533843,314143811,2334070100
3620600679,3569593994,1169137385,2677893215,1882146396,4083984941,1630353239,4038699312,1933147414,1539846278,497472355,1000503052,21106910,2713433452,3980823484,1960897195
1383356107,2421659462,117585377,1949622928,1731143180,533816800,403143259,1895219869,3240689093,1811258604,3224594290,1317088200,2162582326,592277094,4036242200,624541473
2911611188,1873307833,4177381918,2345344367,2563824115,3761150495,3891824036,2399747426,1054278202,2483708691,1070373005,2977879095,2132384969,3702690201,258725095,3670425822
1702006342,1125259929,981804009,2873438386,1151929130,2845819550,1647182854,821651708,2429944214,3132056986,199253467,3460374098,2661979514,2301692939,1123607766,3001450921
2592960953,3169707366,3313163286,1421528909,3143038165,1449147745,2647784441,3473315587,1865023081,1162910309,4095713828,834593197,1632987781,1993274356,3171359529,1293516374
2970932983,2672530192,2345353252,3501069349,1149874772,2816848370,2119520430,4163656152,3958334998,3950673741,2188293608,3327367003,38550935,297230871,2498271094,72246191
1324034312,1622437103,1949614043,793897946,3145092523,1478118925,2175446865,131311143,336632297,344293554,2106673687,967600292,4256416360,3997736424,1796696201,4222721104
932485331,3001835671,813734183,3745415948,3474331110,1629536569,252130295,1248740235,927421278,843988793,102213366,955208170,3793712632,1306462502,2167126909,2139866662
3362481964,1293131624,3481233112,549551347,820636185,2665430726,4042837000,3046227060,3367546017,3450978502,4192753929,3339759125,501254663,2988504793,2127840386,2155100633
3105144441,2856263965,2236641548,161307183,1345917879,2666418928,3076794838,1266792156,2017065776,1346289259,1579352251,3186369821,3151028009,1721385441,3771159631,242609510
1189822854,1438703330,2058325747,4133660112,2949049416,1628548367,1218172457,3028175139,2277901519,2948678036,2715615044,1108597474,1143939286,2573581854,523807664,4052357785
3968643673,590155749,852410611,2774882572,2991824163,2099007791,1738552445,2625182498,2778238918,3957160836,3811494641,424240705,2978901717,1992674029,1937205389,750017774
326323622,3704811546,3442556684,1520084723,1303143132,2195959504,2556414850,1669784797,1516728377,337806459,483472654,3870726590,1316065578,2302293266,2357761906,3544949521
2160138784,71666912,4069292166,3754605202,1960580158,1236624116,3104014255,3758773588,4088113624,3767328901,2510064259,3015403525,3349259927,2354735647,1126954290,2850305364
2134828511,4223300383,225675129,540362093,2334387137,3058343179,1190953040,536193707,206853671,527638394,1784903036,1279563770,945707368,1940231648,3168013005,1444661931
1811851615,152569970,2676560793,2311616226,3330092657,1925649118,2028113571,1406650236,2023781219,642874680,1935862852,1666957582,1840277418,2853272009,1118820645,1815754492
2483115680,4142397325,1618406502,1983351069,964874638,2369318177,2266853724,2888317059,2271186076,3652092615,2359104443,2628009713,2454689877,1441695286,3176146650,2479212803
4106813091,4025141343,2192781553,1198916946,3722432285,3197373663,4190898674,1652501493,2636838067,3356484710,2638198375,1921012586,4048663409,859087765,3068743683,2040028223
188154204,269825952,2102185742,3096050349,572535010,1097593632,104068621,2642465802,1658129228,938482585,1656768920,2373954709,246303886,3435879530,1226223612,2254939072
3056901831,1459058779,1579604389,3174189580,71450643,1334140676,4061317624,2802670304,2147471364,216199845,1852276096,547672540,139652565,515316283,3568644054,827174965
1238065464,2835908516,2715362906,1120777715,4223516652,2960826619,233649671,1492296991,2147495931,4078767450,2442691199,3747294755,4155314730,3779651012,726323241,3467792330
210070966,4109582738,1966106271,1120000857,281998468,4021680330,1013937919,2755588913,1888650464,1472082241,1571201636,2057936341,2843117525,1773792573,620850944,531480645
4084896329,185384557,2328861024,3174966438,4012968827,273286965,3281029376,1539378382,2406316831,2822885054,2723765659,2237030954,1451849770,2521174722,3674116351,3763486650
1667748140,2322890968,14919070,2076340945,1039303848,116891844,2599363591,3732120770,1669376045,2002622541,2212780606,282765139,3243743382,147059485,1467717207,3133709742
2627219155,1972076327,4280048225,2218626350,3255663447,4178075451,1695603704,562846525,2625591250,2292344754,2082186689,4012202156,1051223913,4147907810,2827250088,1161257553
4018894483,346816355,1671153415,859292090,899919092,3784711379,2464801192,3591029283,2950280233,2377757952,391709464,3559769543,937875704,1898418499,1178621615,1147482614
276072812,3948150940,2623813880,3435675205,3395048203,510255916,1830166103,703938012,1344687062,1917209343,3903257831,735197752,3357091591,2396548796,3116345680,3147484681
1112597072,1429868428,3391794179,3426364185,3152994979,315475605,2995367026,1016429351,2043501685,2379457748,2017662637,4157431229,2803458083,2566096557,1413924361,3424724178
3182370223,2865098867,903173116,868603110,1141972316,3979491690,1299600269,3278537944,2251465610,1915509547,2277304658,137536066,1491509212,1728870738,2881042934,870243117
1213393383,1097724882,2475859463,893429874,481225440,429078000,3190508457,415633562,508344801,466943392,3246619148,740478248,2390625500,1987658297,498615221,3181094264
3081573912,3197242413,1819107832,3401537421,3813741855,3865889295,1104458838,3879333733,3786622494,3828023903,1048348147,3554489047,1904341795,2307308998,3796352074,1113873031
4274610465,2547102606,130101081,2026183052,493228192,297947529,3770931256,594442800,998493517,41951937,2312380711,2425343330,4103208947,2461689498,2187470179,2263045194
20356830,1747864689,4164866214,2268784243,3801739103,3997019766,524036039,3700524495,3296473778,4253015358,1982586584,1869623965,191758348,1833277797,2107497116,2031922101
3297441568,2867580188,1804930402,1279841669,1844788342,1272069476,243389795,595897839,2592495052,3675340973,797685267,4196759610,1842864375,1655559144,1185914337,4007275387
997525727,1427387107,2490036893,3015125626,2450178953,3022897819,4051577500,3699069456,1702472243,619626322,3497282028,98207685,2452102920,2639408151,3109052958,287691908
446412470,1538420613,2419343805,742785122,2981762411,2117380534,493078316,1441362214,3889349551,820611714,408966845,1264322863,3954713065,414099761,2269431747,4201816352
3848554825,2756546682,1875623490,3552182173,1313204884,2177586761,3801888979,2853605081,405617744,3474355581,3886000450,3030644432,340254230,3880867534,2025535548,93150943
2722492343,102295724,3353456730,3064420634,401075452,2656298694,432134161,1428063902,3575185719,917099903,3365817197,225701802,3826084801,4171388196,4071351007,1059036542
1572474952,4192671571,941510565,1230546661,3893891843,1638668601,3862833134,2866903393,719781576,3377867392,929150098,4069265493,468882494,123579099,223616288,3235930753
1587837217,704813314,1419831048,1267463364,3587424778,953453361,546512890,4057150546,43501561,1894292310,830512147,2204708936,3661797480,2387632087,153350872,2523817357
2707130078,3590153981,2875136247,3027503931,707542517,3341513934,3748454405,237816749,4251465734,2400674985,3464455148,2090258359,633169815,1907335208,4141616423,1771149938
3462531162,2611887356,1667417085,1668976100,3881866590,3202296447,787994676,3827731275,2665023716,2205091938,3466517216,3554923801,512426697,2797444917,909766973,2130693759
832436133,1683079939,2627550210,2625991195,413100705,1092670848,3506972619,467236020,1629943579,2089875357,828450079,740043494,3782540598,1497522378,3385200322,2164273536
4204315248,3342175583,2724874156,3495091471,3287898066,2875311279,1172055117,4130518867,934641795,2875953713,350094342,684413816,4228612488,3922052361,206042429,3359540473
90652047,952791712,1570093139,799875824,1007069229,1419656016,3122912178,164448428,3360325500,1419013582,3944872953,3610553479,66354807,372914934,4088924866,935426822
3962214011,3552387390,1686633650,2542179192,3350997556,2432686656,4202720486,3772225045,262043578,3957782969,825451025,1867369649,3192882488,3107581910,4003512790,2382136378
332753284,742579905,2608333645,1752788103,943969739,1862280639,92246809,522742250,4032923717,337184326,3469516270,2427597646,1102084807,1187385385,291454505,1912830917
1402810955,2546242612,1379563425,1320113450,1002079448,2303767199,2669311280,4292099433,833409637,2972297616,2926474259,3513014384,3118130632,270655769,1250089816,1764709425
2892156340,1748724683,2915403870,2974853845,3292887847,1991200096,1625656015,2867862,3461557658,1322669679,1368493036,781952911,1176836663,4024311526,3044877479,2530257870
4205782978,1454981453,2341928271,1963003833,472342196,4088123619,4204126209,470592467,2657821479,4265987437,1855788540,4253666087,3611675236,199390896,631495701,4139753208
89184317,2839985842,1953039024,2331963462,3822625099,206843676,90841086,3824374828,1637145816,28979858,2439178755,41301208,683292059,4095576399,3663471594,155214087
2480698731,3930608041,2821939680,3086153558,2293658157,3519477958,3205293126,1820595888,2262862793,2495343283,2525850795,968997305,1636076109,3634788843,2653239085,142542148
1814268564,364359254,1473027615,1208813737,2001309138,775489337,1089674169,2474371407,2032104502,1799624012,1769116500,3325969990,2658891186,660178452,1641728210,4152425147
585216534,238080917,3506572924,3782091503,2487907381,3441541100,2342942508,1978201986,1869492152,2945728255,564668243,1491980814,2505883007,2232747829,3225739747,421236880
3709750761,4056886378,788394371,512875792,1807059914,853426195,1952024787,2316765309,2425475143,1349239040,3730299052,2802986481,1789084288,2062219466,1069227548,3873730415
1366893402,2956943421,1547731398,384589286,3231772305,459311997,1848157029,3141708876,851831366,448005560,470012078,3740376114,4175156295,1257371836,2624592207,3118470825
2928073893,1338023874,2747235897,3910378009,1063194990,3835655298,2446810266,1153258419,3443135929,3846961735,3824955217,554591181,119811000,3037595459,1670375088,1176496470
2533104404,645248726,4087375141,1991490788,3018806135,3760492224,3124491052,795762374,3065774969,1239556889,1325025626,1901094898,1293455729,3718508054,1473846574,1504178374
1761862891,3649718569,207592154,2303476507,1276161160,534475071,1170476243,3499204921,1229192326,3055410406,2969941669,2393872397,3001511566,576459241,2821120721,2790788921
2311850434,808882486,2811376892,2594941459,2971393865,3570540275,2690179869,1003678001,3155225765,1846303142,2799566765,4161702700,4264052305,172160266,2204698712,56324711
1983116861,3486084809,1483590403,1700025836,1323573430,724427020,1604787426,3291289294,1139741530,2448664153,1495400530,133264595,30914990,4122807029,2090268583,4238642584
1230166294,2057329004,2716893286,851554293,3665353022,3741785228,1389680842,3863302528,2126895002,2597139630,207404711,1990845407,3649636223,93959428,3447548060,2880431061
3064801001,2237638291,1578074009,3443413002,629614273,553182067,2905286453,431664767,2168072293,1697827665,4087562584,2304121888,645331072,4201007867,847419235,1414536234
1216695772,3263764840,2012607030,3686796545,3301259080,112794582,3490154420,2146523484,3730259974,3843470907,2715381424,495311235,1126722086,3052245186,4200758472,4063440985
3078271523,1031202455,2282360265,608170750,993708215,4182172713,804812875,2148443811,564707321,451496388,1579585871,3799656060,3168245209,1242722109,94208823,231526310
3682482623,690463599,1475194479,1833078107,1676986756,1431728086,3010326862,1806724868,3251450845,1520349875,2529181758,1668670581,1983356449,1307038929,3749501738,3847593346
612484672,3604503696,2819772816,2461889188,2617980539,2863239209,1284640433,2488242427,1043516450,2774617420,1765785537,2626296714,2311610846,2987928366,545465557,447373949
1212301673,4212429796,492626296,3380433761,3938933388,2486122798,3685404780,3904455954,3709566376,1671761050,3000795429,4014494928,1923703339,1204270153,1078467723,287422429
3082665622,82537499,3802340999,914533534,356033907,1808844497,609562515,390511341,585400919,2623206245,1294171866,280472367,2371263956,3090697142,3216499572,4007544866
3095731826,929621697,912150595,3089855691,818850435,2931295086,360794388,4251595266,3448281099,1653030090,3931838188,4130365507,793677856,3431139611,664710503,1940809214
1199235469,3365345598,3382816700,1205111604,3476116860,1363672209,3934172907,43372029,846686196,2641937205,363129107,164601788,3501289439,863827684,3630256792,2354158081
3493582000,1986269783,2271816628,4029344995,2844309719,2487691507,1882027892,2676593145,1017163613,1433076743,1376902853,711658419,2594125641,1250513450,2166235734,3802699751
801385295,2308697512,2023150667,265622300,1450657576,1807275788,2412939403,1618374150,3277803682,2861890552,2918064442,3583308876,1700841654,3044453845,2128731561,492267544
2638162387,3254825434,2729187081,1000578794,314330094,3006024416,4214256924,1182993920,1147429302,2515957555,2516663605,709955303,1095286227,2557642691,1404878647,2408864178
1656804908,1040141861,1565780214,3294388501,3980637201,1288942879,80710371,3111973375,3147537993,1779009740,1778303690,3585011992,3199681068,1737324604,2890088648,1886103117
3212242561,452828124,1661828413,1788398572,2087990146,767376000,250654739,2323329960,491759501,1580650087,3627726889,480201161,2246866459,2196463139,1804284559,427494807
1082724734,3842139171,2633138882,2506568723,2206977149,3527591295,4044312556,1971637335,3803207794,2714317208,667240406,3814766134,2048100836,2098504156,2490682736,3867472488
861347923,3448151984,2771233214,3320740959,1680339026,927357304,3560896359,2496252935,2421061565,886290989,3666614120,4213506707,3307167587,2092925841,2825558484,3373639020
3433619372,846815311,1523734081,974226336,2614628269,3367609991,734070936,1798714360,1873905730,3408676306,628353175,81460588,987799708,2202041454,1469408811,921328275
2628281690,3043999705,2889005553,3965137498,707551987,2772280393,2116222893,1247496188,1274491204,621337047,3456779600,41075767,3710640580,2704242660,883085832,1077729527
1666685605,1250967590,1405961742,329829797,3587415308,1522686902,2178744402,3047471107,3020476091,3673630248,838187695,4253891528,584326715,1590724635,3411881463,3217237768
996271038,4240358265,1683601429,994939962,79962617,3990722502,3576585282,4041913059,598750796,3875732260,483154362,3771621731,2317565675,590627198,1360958360,1890248972
3298696257,54609030,2611365866,3300027333,4215004678,304244793,718382013,253054236,3696216499,419235035,3811812933,523345564,1977401620,3704340097,2934008935,2404718323
3063891666,4000661305,2406949544,3582111242,2058765751,2728233264,2911929631,4061985462,2088061867,1390542002,2053591628,1453504056,3736610895,2956400709,412100119,513815337
1231075629,294305990,1888017751,712856053,2236201544,1566734031,1383037664,232981833,2206905428,2904425293,2241375667,2841463239,558356400,1338566586,3882867176,3781151958
4219942802,4254374663,3480278746,834136741,1962086666,3061231379,1748109904,60872380,1434139785,3192501420,2425501692,811377751,2322739035,1238386696,1318437022,1621828284
75024493,40592632,814688549,3460830554,2332880629,1233735916,2546857391,4234094915,2860827510,1102465875,1869465603,3483589544,1972228260,3056580599,2976530273,2673139011
264123282,300821775,2995838982,899287768,1729404804,3118895872,2570253643,2717400145,2537078646,374350777,2287361248,2922959641,3679283012,513771199,978182423,3078397443
4030844013,3994145520,1299128313,3395679527,2565562491,1176071423,1724713652,1577567150,1757888649,3920616518,2007606047,1372007654,615684283,3781196096,3316784872,1216569852
107415153,2938380734,68692672,4282365378,1456221632,3094118519,4050962546,3113952036,3039800778,921369678,3788779454,2979258189,3082521871,3631926714,3350886557,2355279876
4187552142,1356586561,4226274623,12601917,2838745663,1200848776,244004749,1181015259,1255166517,3373597617,506187841,1315709106,1212445424,663040581,944080738,1939687419
4167860954,3180440898,719837913,3511936290,3207532804,1241586537,4020274754,3581543958,2873810374,1079445675,2466201732,3107165344,1796031330,2270287783,951289234,481605308
127106341,1114526397,3575129382,783031005,1087434491,3053380758,274692541,713423337,1421156921,3215521620,1828765563,1187801951,2498935965,2024679512,3343678061,3813361987
3263336,3706183527,1827244165,165609929,836598468,3793929479,4250255798,4051944877,3423929654,1470980067,3988178398,3429299108,137302195,2135981059,2170034407,1559840671
4291703959,588783768,2467723130,4129357366,3458368827,501037816,44711497,243022418,871037641,2823987228,306788897,865668187,4157665100,2158986236,2124932888,2735126624
3382387367,579296415,3778204771,1307667191,3514902905,2215047603,77678278,3168929976,1514528017,178054238,2814187621,2261485965,3268141698,198737398,3393282821,410993651
912579928,3715670880,516762524,2987300104,780064390,2079919692,4217289017,1126037319,2780439278,4116913057,1480779674,2033481330,1026825597,4096229897,901684474,3883973644
1043391600,3187643903,781142394,117655059,2378412203,3397342053,846691045,1566598961,2302500275,2279380785,843284573,1763283949,3384676484,2829248924,423794566,2886624642
3251575695,1107323392,3513824901,4177312236,1916555092,897625242,3448276250,2728368334,1992467020,2015586510,3451682722,2531683346,910290811,1465718371,3871172729,1408342653
3781342804,2084628405,1264003396,238275087,3293971881,1883679733,2766723847,3739180494,2198060132,1074615995,51061071,1841018617,12164098,40504747,1425488033,808919943
513624491,2210338890,3030963899,4056692208,1000995414,2411287562,1528243448,555786801,2096907163,3220351300,4243906224,2453948678,4282803197,4254462548,2869479262,3486047352
194177293,1807641968,235243115,4276765075,2014023168,1558620646,1312439343,4024603163,1903906190,127367766,3496523341,3383742116,4066087699,2150057707,2232490459,1481813316
4100790002,2487325327,4059724180,18202220,2280944127,2736346649,2982527952,270364132,2391061105,4167599529,798443954,911225179,228879596,2144909588,2062476836,2813153979
4104805286,8051874,2910871733,2319893840,4006902994,3405001140,3217242179,2856466703,33274607,1385773776,2555633471,3563280439,732048689,1590369115,1950570260,3667139781
190162009,4286915421,1384095562,1975073455,288064301,889966155,1077725116,1438500592,4261692688,2909193519,1739333824,731686856,3562918606,2704598180,2344397035,627827514
3691205714,1271007249,2945250975,3400795853,2174054146,3089762507,3841160868,3225756965,1616136220,3856189214,3446776138,796440749,2017092745,2748149056,4090598059,945651671
603761581,3023960046,1349716320,894171442,2120913149,1205204788,453806427,1069210330,2678831075,438778081,848191157,3498526546,2277874550,1546818239,204369236,3349315624
1000046169,3475959035,3527621820,3320336377,3927734852,33097724,1531467832,829681518,3472398984,2035795776,972136956,857961705,2602880189,2255916204,3871519174,3801934723
3294921126,819008260,767345475,974630918,367232443,4261869571,2763499463,3465285777,822568311,2259171519,3322830339,3437005590,1692087106,2039051091,423448121,493032572
3659570704,1638939181,1991872359,3719546567,3393872654,201392884,3539625807,2449702835,3739679636,4020543217,3071825506,2736051411,4097989734,1660712065,3908854327,3981732808
635396591,2656028114,2303094936,575420728,901094641,4093574411,755341488,1845264460,555287659,274424078,1223141789,1558915884,196977561,2634255230,386112968,313234487
4165835210,3158586722,340877405,4156793027,1662825359,2239011435,3092971415,1477657288,1690662746,1026464700,2616840655,1033106862,2505773880,1249781097,2916287333,2237079852
129132085,1136380573,3954089890,138174268,2632141936,2055955860,1201995880,2817310007,2604304549,3268502595,1678126640,3261860433,1789193415,3045186198,1378679962,2057887443
771137029,4005285068,1977863459,1466273048,1413136256,2500933229,3472568773,3203099226,2444818179,3982690108,259723063,880972168,1187991942,1271690029,2086127437,1251236670
3523830266,289682227,2317103836,2828694247,2881831039,1794034066,822398522,1091868069,1850149116,312277187,4035244232,3413995127,3106975353,3023277266,2208839858,3043730625
2626319412,13433924,2634720033,1039351862,1172166518,3052260733,3670101927,2008019246,374530505,2415216810,1332392538,2647635810,744466283,1911362923,222234963,4112459891
1668647883,4281533371,1660247262,3255615433,3122800777,1242706562,624865368,2286948049,3920436790,1879750485,2962574757,1647331485,3550501012,2383604372,4072732332,182507404
1078841566,1557475519,3896349234,2658007332,1472649903,546299647,179801985,2703553487,975336830,1740837444,219876794,1983714960,3144060646,1435189949,2127820240,3649362137
3216125729,2737491776,398618061,1636959963,2822317392,3748667648,4115165310,1591413808,3319630465,2554129851,4075090501,2311252335,1150906649,2859777346,2167147055,645605158
649091159,683693368,3789300117,152575575,3118491148,885157707,1360357770,71611933,1742603984,1065150529,3921743743,1040967654,3198679314,29030131,3864076315,808570098
3645876136,3611273927,505667178,4142391720,1176476147,3409809588,2934609525,4223355362,2552363311,3229816766,373223552,3253999641,1096287981,4265937164,430890980,3486397197
2046978934,1035687893,3210652538,526038642,3828355504,40448820,4205124448,2415272393,1627669541,3738322297,799157450,2496366285,1451328476,1775087648,2443072494,2543349411
2247988361,3259279402,1084314757,3768928653,466611791,4254518475,89842847,1879694902,2667297754,556644998,3495809845,1798601010,2843638819,2519879647,1851894801,1751617884
1810772925,1660963829,842632354,1487694285,2148653096,3519988376,1595462117,3189102556,1038360912,729824404,3263952060,1508691920,3385137318,1226696931,1546110291,1335234300
2484194370,2634003466,3452334941,2807273010,2146314199,774978919,2699505178,1105864739,3256606383,3565142891,1031015235,2786275375,909829977,3068270364,2748857004,2959732995
3546784770,259511912,4105808509,176128278,929763922,2676543210,3190265072,3010117116,1003350733,3007466350,1081353376,622871939,2332266433,3864475932,1162058588,3658427240
748182525,4035455383,189158786,4118839017,3365203373,1618424085,1104702223,1284850179,3291616562,1287500945,3213613919,3672095356,1962700862,430491363,3132908707,636540055
450259523,2245418505,2112944492,1114781632,3435840514,4204229893,2305418577,2514921293,4148278079,1125365207,4214055897,3505579891,1209065196,694626195,2314825502,884575466
3844707772,2049548790,2182022803,3180185663,859126781,90737402,1989548718,1780046002,146689216,3169602088,80911398,789387404,3085902099,3600341100,1980141793,3410391829
571276694,2695900002,1074933196,2880355591,1744355916,2006153082,1679977576,796252937,1444158425,1933294368,386349868,3772134357,2280245499,3722331851,1345846742,2832060194
3723690601,1599067293,3220034099,1414611704,2550611379,2288814213,2614989719,3498714358,2850808870,2361672927,3908617427,522832938,2014721796,572635444,2949120553,1462907101
1447308215,4010870024,1956443192,4267690644,3389171482,1400856549,3761139234,3724238548,4188777225,2295284022,30526722,1691905926,3784209322,4011819804,3733479559,1675393139
2847659080,284097271,2338524103,27276651,905795813,2894110746,533828061,570728747,106190070,1999683273,4264440573,2603061369,510757973,283147491,561487736,2619574156
3140999562,735343322,4075552997,823665920,862412944,158741566,2820428,2629515533,1470819054,3222446685,1967013018,3361586250,3046805966,2220229309,3737206842,3325201145
1153967733,3559623973,219414298,3471301375,3432554351,4136225729,4292146867,1665451762,2824148241,1072520610,2327954277,933381045,1248161329,2074737986,557760453,969766150
3520747290,2125261280,3055671631,991559583,1371121326,1645421514,2117149628,2464349041,3486316926,1904801523,438954910,409225603,799017321,2191312469,2536320916,3395785943
774220005,2169706015,1239295664,3303407712,2923845969,2649545781,2177817667,1830618254,808650369,2390165772,3856012385,3885741692,3495949974,2103654826,1758646379,899181352
4065431639,3946644046,3439345609,948298242,1256355157,3549141140,668915991,730911603,3160455699,1124356912,3916984502,1166086619,461077418,2522472511,779779765,2981423944
229535656,348323249,855621686,3346669053,3038612138,745826155,3626051304,3564055692,1134511596,3170610383,377982793,3128880676,3833889877,1772494784,3515187530,1313543351
2021060303,781205937,2251017007,438734931,293585362,2853100367,3739320744,119196061,1865482420,1802366006,3360142776,192740956,791951573,3641025837,1078344195,623851691
2273906992,3513761358,2043950288,3856232364,4001381933,1441866928,555646551,4175771234,2429484875,2492601289,934824519,4102226339,3503015722,653941458,3216623100,3671115604
5060128,95056156,3424884281,3456547531,1533589516,1973641801,475110871,523940703,1701082246,1321685992,2436671517,4177270505,438402080,2745130848,1357120822,1814964766
4289907167,4199911139,870083014,838419764,2761377779,2321325494,3819856424,3771026592,2593885049,2973281303,1858295778,117696790,3856565215,1549836447,2937846473,2480002529
3340643614,1200951983,1925215029,1260313053,3066094419,1015094928,336471817,3264255044,2329075189,194929349,2620604050,2323967092,987215871,527895721,2759019778,1778264519
954323681,3094015312,2369752266,3034654242,1228872876,3279872367,3958495478,1030712251,1965892106,4100037946,1674363245,1971000203,3307751424,3767071574,1535947517,2516702776
2665073671,513216052,2247308204,3788045046,3286719851,633621519,3699778953,990658978,2939304600,2002825441,3562567327,2548930515,1014558255,3349953605,1552590253,2019842079
1629893624,3781751243,2047659091,506922249,1008247444,3661345776,595188342,3304308317,1355662695,2292141854,732399968,1746036780,3280409040,945013690,2742377042,2275125216
2230673942,2437021590,2853596950,2986922282,1384838647,2573609846,731436538,285254841,274264263,3964929391,1543009507,3376554176,304182326,3196418469,3608099986,3244298152
2064293353,1857945705,1441370345,1308045013,2910128648,1721357449,3563530757,4009712454,4020703032,330037904,2751957788,918413119,3990784969,1098548826,686867309,1050669143
2152830658,81536022,3921911526,2655365554,244757536,1533357544,1893445926,1407307957,279550288,3489350550,999029312,2631168445,919963924,3536949006,1994688719,822942980
2142136637,4213431273,373055769,1639601741,4050209759,2761609751,2401521369,2887659338,4015417007,805616745,3295937983,1663798850,3375003371,758018289,2300278576,3472024315
2978543272,621431115,1624194370,1641919161,2722793448,2814981737,1446579738,666291965,2155941221,3611470675,1350545325,60753706,4294723093,3863866446,380410663,495294011
1316424023,3673536180,2670772925,2653048134,1572173847,1479985558,2848387557,3628675330,2139026074,683496620,2944421970,4234213589,244202,431100849,3914556632,3799673284
424776531,154393725,3315486881,1503216687,204190008,3128781729,2393178584,2603204215,1267086643,63092212,1425662167,4091878417,4101795814,698345427,1845865041,3502660252
3870190764,4140573570,979480414,2791750608,4090777287,1166185566,1901788711,1691763080,3027880652,4231875083,2869305128,203088878,193171481,3596621868,2449102254,792307043
3588538914,1276977199,473193019,1482760746,550001670,3654606421,1160696519,163099502,3850199391,3077130428,2850083111,1669126535,1889243506,1150719219,2402478730,4208447933
706428381,3017990096,3821774276,2812206549,3744965625,640360874,3134270776,4131867793,444767904,1217836867,1444884184,2625840760,2405723789,3144248076,1892488565,86519362
992716530,1081556627,952007227,4076418286,312331814,238102094,4241169240,3239866779,116904886,678098460,746614277,3272787345,1644400014,1728474964,1785858571,1117991196
3302250765,3213410668,3342960068,218549009,3982635481,4056865201,53798055,1055100516,4178062409,3616868835,3548353018,1022179950,2650567281,2566492331,2509108724,3176976099
971395757,2420711159,3190777596,3356515449,2443187389,3643648538,3490767893,3136239021,2412810155,3596643350,2516591345,668552310,723193063,3455886939,3218123745,2207847481
3323571538,1874256136,1104189699,938451846,1851779906,651318757,804199402,1158728274,1882157140,698323945,1778375950,3626414985,3571774232,839080356,1076843550,2087119814
2737137033,3542042794,2865348889,1142385342,2796562249,3138022535,94817290,294954445,1223556044,2189438952,2114750707,164439037,420912504,3145559062,2366221531,3713862188
1557830262,752924501,1429618406,3152581953,1498405046,1156944760,4200150005,4000012850,3071411251,2105528343,2180216588,4130528258,3874054791,1149408233,1928745764,581105107
740451105,1900547854,2684915603,1459667894,3622076524,2413557134,2847996066,3306868030,1297018573,3709134616,1564882931,1139461798,1804322251,921853306,2215925159,3566366503
3554516190,2394419441,1610051692,2835299401,672890771,1881410161,1446971229,988099265,2997948722,585832679,2730084364,3155505497,2490645044,3373113989,2079042136,728600792
1538648134,2361079899,4179284825,3662919463,1109925386,1645121904,1934879892,4187020815,4178844724,1718522022,3221521267,1167071983,3298543431,2816660458,1360097950,1640354911
2756319161,1933887396,115682470,632047832,3185041909,2649845391,2360087403,107946480,116122571,2576445273,1073446028,3127895312,996423864,1478306837,2934869345,2654612384
2819089950,4011272302,1880667536,986172987,1155979269,4103114859,3083078164,1987477667,633399784,124541291,2572464698,462070302,3965177930,894432533,1115396395,932504823
1475877345,283694993,2414299759,3308794308,3138988026,191852436,1211889131,2307489628,3661567511,4170426004,1722502597,3832896993,329789365,3400534762,3179570900,3362462472
2577764112,2002361912,1639774038,1206586923,3842625383,3938070112,4046571593,3716966164,1930176853,2594204185,3416144775,3466357471,1875075449,634403094,2976522693,3112981013
1717203183,2292605383,2655193257,3088380372,452341912,356897183,248395702,578001131,2364790442,1700763110,878822520,828609824,2419891846,3660564201,1318444602,1181986282
1194209276,1659908756,3670126702,4278803483,1937618336,2278280128,1778060528,1409786350,1152637054,3593712555,1729964150,3982921890,888194831,96833872,3428577685,848258413
3100758019,2635058539,624840593,16163812,2357348959,2016687167,2516906767,2885180945,3142330241,701254740,2565003145,312045405,3406772464,4198133423,866389610,3446708882
4128796190,3529849770,678031142,2050541117,3603094228,1589054364,1221189278,3708585533,2398784038,2355185967,654533042,2415279093,1607676411,3654822744,4104213943,3256371559
166171105,765117525,3616936153,2244426178,691873067,2705912931,3073778017,586381762,1896183257,1939781328,3640434253,1879688202,2687290884,640144551,190753352,1038595736
106954865,3862072338,2050211740,1096305592,3377478847,1834300066,878844330,1858111481,3700938912,2898208830,1540494128,2018101123,1482335671,3329836824,1763430304,1077720337
4188012430,432894957,2244755555,3198661703,917488448,2460667229,3416122965,2436855814,594028383,1396758465,2754473167,2276866172,2812631624,965130471,2531536991,3217246958
